label: "PS3Eye"
cameras:
- camera:
    label: cam0
    line-delay-nanoseconds: 0
    image_height: 480
    image_width: 640
    type: pinhole
    intrinsics:
      cols: 1
      rows: 4
      data: [515.5270875735589, 515.1707625662974, 322.2080301598942, 238.25514561212808]
    distortion:
      type: radial-tangential
      parameters:
        cols: 1
        rows: 4
        data: [-0.09161942058825377, 0.13773357465088765, 0.0011658651217784847, 0.004409681742739534] 
  T_B_C:
    cols: 4
    rows: 4
    data: [-0.0355921,  -0.99919941,  0.01826833,  0.03244543,
          0.094003,   -0.02154619, -0.99533874,  0.0273309,
          0.99493549, -0.03370892,  0.09469462, -0.0095673,
          0.0, 0.0, 0.0, 1.0]

imu_params:
  delay_imu_cam: -0.0929308183001
  max_imu_delta_t: 0.01
  acc_max: 176.0
  omega_max: 7.8
  sigma_omega_c: 8.73e-05
  sigma_acc_c: 0.004
  sigma_omega_bias_c: 8.73e-06
  sigma_acc_bias_c: 0.0004
  sigma_integration: 0.0
  g: 9.8082
  imu_rate: 100

imu_initialization:
  velocity: [0.0, 0, 0.0]
  omega_bias: [0.0, 0, 0.0]
  acc_bias: [0.0, 0.0, 0.0]
  velocity_sigma: 2.0
  omega_bias_sigma: 0.01
  acc_bias_sigma: 0.1